0.000 0.000 0.000 0.000 0.000 0.000 0.000 0.000 0.000 0.000 0.000 0.000 0.000
0.000 0.923 0.925 0.926 0.935 0.939 0.000 0.939 0.919 0.822 0.654 0.482 0.000
0.000 0.927 0.934 0.943 0.948 0.950 0.000 0.958 0.949 0.914 0.858 0.811 0.000
0.000 0.930 0.938 0.947 0.953 0.956 0.960 0.964 0.964 0.951 0.925 0.907 0.000
0.000 0.903 0.922 0.933 0.944 0.950 0.000 0.969 0.967 0.959 0.931 0.902 0.000
0.000 0.858 0.848 0.897 0.923 0.927 0.000 0.972 0.972 0.969 0.958 0.951 0.000
0.000 0.000 0.725 0.000 0.000 0.000 0.000 0.973 0.974 0.977 0.970 0.967 0.000
0.000 0.223 0.492 0.189 0.034 0.005 0.000 0.000 0.000 0.981 0.000 0.000 0.000
0.000 0.067 0.204 0.071 0.018 0.014 0.000 0.870 0.936 0.986 0.910 0.726 0.000
0.000 0.012 0.051 0.041 0.052 0.065 0.000 0.734 0.847 0.000 0.689 0.471 0.000
0.000 0.018 0.039 0.062 0.070 0.131 0.172 0.475 0.633 0.634 0.577 0.447 0.000
0.000 0.004 0.018 0.025 0.041 0.061 0.000 0.414 0.551 0.476 0.255 0.234 0.000
0.000 0.000 0.000 0.000 0.000 0.000 0.000 0.000 0.000 0.000 0.000 0.000 0.000
