0.000 0.000 0.000 0.000 0.000 0.000 0.000 0.000 0.000 0.000 0.000 0.000 0.000
0.000 0.000 0.000 0.000 0.000 0.000 0.000 0.000 0.000 0.000 0.000 0.000 0.000
0.000 0.000 0.000 0.000 0.000 0.000 0.000 0.028 0.000 0.000 0.000 0.000 0.000
0.000 0.000 0.005 0.000 0.000 0.012 0.087 0.143 0.000 0.000 0.000 0.000 0.000
0.000 0.000 0.005 0.000 0.000 0.000 0.000 0.041 0.000 0.000 0.024 0.000 0.000
0.000 0.002 0.031 0.000 0.002 0.000 0.000 0.003 0.051 0.361 0.000 0.000 0.000
0.000 0.000 0.048 0.000 0.000 0.000 0.000 0.139 0.252 0.409 0.320 0.000 0.000
0.000 0.013 0.069 0.027 0.002 0.024 0.000 0.000 0.000 0.632 0.000 0.000 0.000
0.000 0.011 0.040 0.046 0.087 0.089 0.000 0.305 0.570 0.771 0.479 0.206 0.000
0.000 0.007 0.071 0.148 0.132 0.180 0.000 0.603 0.837 0.000 0.188 0.070 0.000
0.000 0.009 0.080 0.034 0.174 0.274 0.381 0.493 0.611 0.739 0.175 0.006 0.000
0.000 0.000 0.003 0.003 0.162 0.144 0.000 0.422 0.412 0.622 0.315 0.000 0.000
0.000 0.000 0.000 0.000 0.000 0.000 0.000 0.000 0.000 0.000 0.000 0.000 0.000
