0.000 0.000 0.000 0.000 0.000 0.000 0.000 0.000 0.000 0.000 0.000 0.000 0.000
0.000 0.040 0.041 0.074 0.001 0.042 0.000 0.016 0.000 0.039 0.000 0.000 0.000
0.000 0.044 0.040 0.048 0.004 0.145 0.000 0.157 0.000 0.058 0.000 0.000 0.000
0.000 0.056 0.035 0.012 0.125 0.188 0.222 0.165 0.082 0.006 0.000 0.000 0.000
0.000 0.002 0.026 0.004 0.003 0.014 0.000 0.092 0.034 0.000 0.000 0.000 0.000
0.000 0.028 0.031 0.009 0.000 0.002 0.000 0.007 0.000 0.000 0.000 0.000 0.000
0.000 0.000 0.043 0.000 0.000 0.000 0.000 0.000 0.000 0.000 0.000 0.000 0.000
0.000 0.011 0.024 0.084 0.000 0.000 0.000 0.000 0.000 0.000 0.000 0.000 0.000
0.000 0.026 0.013 0.002 0.000 0.040 0.000 0.000 0.026 0.000 0.000 0.000 0.000
0.000 0.001 0.000 0.000 0.002 0.151 0.000 0.125 0.002 0.000 0.000 0.000 0.000
0.000 0.000 0.000 0.001 0.011 0.186 0.292 0.308 0.156 0.000 0.000 0.000 0.000
0.000 0.000 0.000 0.000 0.011 0.163 0.000 0.133 0.019 0.000 0.000 0.000 0.000
0.000 0.000 0.000 0.000 0.000 0.000 0.000 0.000 0.000 0.000 0.000 0.000 0.000
