0.000 0.000 0.000 0.000 0.000 0.000 0.000 0.000 0.000 0.000 0.000 0.000 0.000
0.000 0.051 0.062 0.080 0.095 0.120 0.000 0.204 0.223 0.205 0.135 0.081 0.000
0.000 0.059 0.073 0.088 0.113 0.142 0.000 0.241 0.269 0.269 0.264 0.164 0.000
0.000 0.069 0.082 0.107 0.139 0.187 0.235 0.285 0.353 0.384 0.330 0.273 0.000
0.000 0.058 0.071 0.087 0.112 0.128 0.000 0.385 0.447 0.517 0.399 0.348 0.000
0.000 0.050 0.057 0.076 0.093 0.111 0.000 0.449 0.517 0.653 0.490 0.430 0.000
0.000 0.000 0.041 0.000 0.000 0.000 0.000 0.541 0.639 0.816 0.629 0.557 0.000
0.000 0.009 0.028 0.015 0.004 0.000 0.000 0.000 0.000 0.000 0.000 0.000 0.000
0.000 0.004 0.010 0.010 0.013 0.015 0.000 0.548 0.741 0.814 0.522 0.190 0.000
0.000 0.007 0.013 0.028 0.051 0.075 0.000 0.424 0.458 0.452 0.279 0.027 0.000
0.000 0.017 0.038 0.063 0.087 0.148 0.230 0.341 0.359 0.221 0.029 0.000 0.000
0.000 0.003 0.009 0.023 0.044 0.072 0.000 0.134 0.105 0.058 0.000 0.000 0.000
0.000 0.000 0.000 0.000 0.000 0.000 0.000 0.000 0.000 0.000 0.000 0.000 0.000
