0.000 0.000 0.000 0.000 0.000 0.000 0.000 0.000 0.000 0.000 0.000 0.000 0.000
0.000 0.021 0.021 0.020 0.024 0.027 0.000 0.093 0.069 0.053 0.013 0.005 0.000
0.000 0.027 0.039 0.046 0.055 0.054 0.000 0.159 0.204 0.142 0.064 0.033 0.000
0.000 0.033 0.048 0.058 0.074 0.087 0.128 0.245 0.255 0.219 0.158 0.093 0.000
0.000 0.018 0.037 0.044 0.050 0.058 0.000 0.414 0.378 0.286 0.157 0.067 0.000
0.000 0.017 0.019 0.024 0.030 0.037 0.000 0.509 0.530 0.554 0.342 0.142 0.000
0.000 0.000 0.003 0.000 0.000 0.000 0.000 0.563 0.635 0.666 0.481 0.301 0.000
0.000 0.000 0.000 0.000 0.000 0.000 0.000 0.000 0.000 0.805 0.000 0.000 0.000
0.000 0.000 0.000 0.000 0.000 0.000 0.000 0.417 0.630 0.905 0.526 0.194 0.000
0.000 0.000 0.000 0.001 0.003 0.004 0.000 0.224 0.472 0.000 0.274 0.090 0.000
0.000 0.001 0.002 0.004 0.009 0.016 0.028 0.095 0.122 0.405 0.197 0.087 0.000
0.000 0.000 0.000 0.001 0.003 0.002 0.000 0.065 0.073 0.189 0.082 0.024 0.000
0.000 0.000 0.000 0.000 0.000 0.000 0.000 0.000 0.000 0.000 0.000 0.000 0.000
